(kicad_pcb (version 20171130) (host pcbnew 5.0.2)

  (general
    (thickness 1.6)
    (drawings 11)
    (tracks 183)
    (zones 0)
    (modules 41)
    (nets 34)
  )

  (page A4)
  (layers
    (0 F.Cu signal)
    (31 B.Cu signal)
    (32 B.Adhes user)
    (33 F.Adhes user)
    (34 B.Paste user)
    (35 F.Paste user)
    (36 B.SilkS user)
    (37 F.SilkS user)
    (38 B.Mask user)
    (39 F.Mask user)
    (40 Dwgs.User user)
    (41 Cmts.User user)
    (42 Eco1.User user)
    (43 Eco2.User user)
    (44 Edge.Cuts user)
    (45 Margin user)
    (46 B.CrtYd user)
    (47 F.CrtYd user)
    (48 B.Fab user)
    (49 F.Fab user)
  )

  (setup
    (last_trace_width 0.762)
    (trace_clearance 0.3048)
    (zone_clearance 0.3048)
    (zone_45_only yes)
    (trace_min 0.2)
    (segment_width 0.2)
    (edge_width 0.1)
    (via_size 0.6)
    (via_drill 0.4)
    (via_min_size 0.4)
    (via_min_drill 0.3)
    (uvia_size 0.3)
    (uvia_drill 0.1)
    (uvias_allowed no)
    (uvia_min_size 0)
    (uvia_min_drill 0)
    (pcb_text_width 0.3)
    (pcb_text_size 1.5 1.5)
    (mod_edge_width 0.15)
    (mod_text_size 1 1)
    (mod_text_width 0.15)
    (pad_size 1.5 1.5)
    (pad_drill 0.6)
    (pad_to_mask_clearance 0)
    (solder_mask_min_width 0.25)
    (aux_axis_origin 203.327 87.249)
    (grid_origin 217.297 108.585)
    (visible_elements FFFFFFFF)
    (pcbplotparams
      (layerselection 0x01000_80000001)
      (usegerberextensions false)
      (usegerberattributes false)
      (usegerberadvancedattributes false)
      (creategerberjobfile false)
      (excludeedgelayer true)
      (linewidth 0.100000)
      (plotframeref false)
      (viasonmask false)
      (mode 1)
      (useauxorigin false)
      (hpglpennumber 1)
      (hpglpenspeed 20)
      (hpglpendiameter 15.000000)
      (psnegative false)
      (psa4output false)
      (plotreference true)
      (plotvalue true)
      (plotinvisibletext false)
      (padsonsilk false)
      (subtractmaskfromsilk false)
      (outputformat 1)
      (mirror false)
      (drillshape 0)
      (scaleselection 1)
      (outputdirectory "fabric/"))
  )

  (net 0 "")
  (net 1 +3V3)
  (net 2 RX)
  (net 3 "Net-(Q0-Pad3)")
  (net 4 +5V)
  (net 5 TX)
  (net 6 "Net-(U1-Pad4)")
  (net 7 "Net-(Q1-Pad3)")
  (net 8 TXEN)
  (net 9 GND)
  (net 10 "Net-(Q2-Pad3)")
  (net 11 "Net-(J1-Pad1)")
  (net 12 "Net-(R7-Pad2)")
  (net 13 "Net-(J1-Pad3)")
  (net 14 "Net-(R8-Pad2)")
  (net 15 TX_DG)
  (net 16 ERR_LED)
  (net 17 "Net-(D1-Pad1)")
  (net 18 "Net-(P2-Pad1)")
  (net 19 "Net-(P2-Pad2)")
  (net 20 "Net-(P2-Pad3)")
  (net 21 "Net-(P2-Pad4)")
  (net 22 "Net-(P2-Pad5)")
  (net 23 "Net-(P2-Pad7)")
  (net 24 A0)
  (net 25 "Net-(U3-Pad5)")
  (net 26 "Net-(R12-Pad2)")
  (net 27 "Net-(U3-Pad6)")
  (net 28 "Net-(R13-Pad2)")
  (net 29 "Net-(U3-Pad7)")
  (net 30 "Net-(J3-Pad3)")
  (net 31 +9V)
  (net 32 "Net-(D3-Pad2)")
  (net 33 "Net-(J3-Pad2)")

  (net_class Default "This is the default net class."
    (clearance 0.3048)
    (trace_width 0.762)
    (via_dia 0.6)
    (via_drill 0.4)
    (uvia_dia 0.3)
    (uvia_drill 0.1)
    (add_net +3V3)
    (add_net +5V)
    (add_net +9V)
    (add_net A0)
    (add_net ERR_LED)
    (add_net GND)
    (add_net "Net-(D1-Pad1)")
    (add_net "Net-(D3-Pad2)")
    (add_net "Net-(J1-Pad1)")
    (add_net "Net-(J1-Pad3)")
    (add_net "Net-(J3-Pad2)")
    (add_net "Net-(J3-Pad3)")
    (add_net "Net-(P2-Pad1)")
    (add_net "Net-(P2-Pad2)")
    (add_net "Net-(P2-Pad3)")
    (add_net "Net-(P2-Pad4)")
    (add_net "Net-(P2-Pad5)")
    (add_net "Net-(P2-Pad7)")
    (add_net "Net-(Q0-Pad3)")
    (add_net "Net-(Q1-Pad3)")
    (add_net "Net-(Q2-Pad3)")
    (add_net "Net-(R12-Pad2)")
    (add_net "Net-(R13-Pad2)")
    (add_net "Net-(R7-Pad2)")
    (add_net "Net-(R8-Pad2)")
    (add_net "Net-(U1-Pad4)")
    (add_net "Net-(U3-Pad5)")
    (add_net "Net-(U3-Pad6)")
    (add_net "Net-(U3-Pad7)")
    (add_net RX)
    (add_net TX)
    (add_net TXEN)
    (add_net TX_DG)
  )

  (module wemos_d1_mini:D1_mini_board (layer B.Cu) (tedit 5BBD2551) (tstamp 5BBCD7B2)
    (at 147.828 102.9335 180)
    (path /5BB7B1E5)
    (fp_text reference U1 (at 0.254 -12.8905 180) (layer B.SilkS)
      (effects (font (size 1 1) (thickness 0.15)) (justify mirror))
    )
    (fp_text value WeMos_mini (at 1.27 19.05 180) (layer B.Fab)
      (effects (font (size 1 1) (thickness 0.15)) (justify mirror))
    )
    (fp_text user WeMos (at 0 15.24 180) (layer B.SilkS)
      (effects (font (size 3 3) (thickness 0.15)) (justify mirror))
    )
    (fp_line (start -6.35 -3.81) (end -6.35 10.16) (layer F.SilkS) (width 0.15))
    (fp_line (start -6.35 10.16) (end 6.35 10.16) (layer F.SilkS) (width 0.15))
    (fp_line (start 6.35 10.16) (end 6.35 -3.81) (layer F.SilkS) (width 0.15))
    (fp_line (start 6.35 -3.81) (end -6.35 -3.81) (layer F.SilkS) (width 0.15))
    (fp_line (start -8.89 -5.08) (end 8.89 -5.08) (layer F.SilkS) (width 0.15))
    (fp_line (start 8.89 -5.08) (end 8.89 17.78) (layer F.SilkS) (width 0.15))
    (fp_line (start 8.89 17.78) (end -8.89 17.78) (layer F.SilkS) (width 0.15))
    (fp_line (start -8.89 17.78) (end -8.89 -5.08) (layer F.SilkS) (width 0.15))
    (fp_line (start 10.817472 -16.277228) (end 5.00618 -16.277228) (layer B.SilkS) (width 0.1))
    (fp_line (start 5.00618 -16.277228) (end 4.979849 -14.993795) (layer B.SilkS) (width 0.1))
    (fp_line (start 4.979849 -14.993795) (end -3.851373 -15.000483) (layer B.SilkS) (width 0.1))
    (fp_line (start -3.851373 -15.000483) (end -3.849397 -16.202736) (layer B.SilkS) (width 0.1))
    (fp_line (start -3.849397 -16.202736) (end -12.930193 -16.176658) (layer B.SilkS) (width 0.1))
    (fp_line (start -12.930193 -16.176658) (end -12.916195 14.993493) (layer B.SilkS) (width 0.1))
    (fp_line (start -12.916195 14.993493) (end -12.683384 15.596286) (layer B.SilkS) (width 0.1))
    (fp_line (start -12.683384 15.596286) (end -12.399901 16.141167) (layer B.SilkS) (width 0.1))
    (fp_line (start -12.399901 16.141167) (end -12.065253 16.627577) (layer B.SilkS) (width 0.1))
    (fp_line (start -12.065253 16.627577) (end -11.678953 17.054952) (layer B.SilkS) (width 0.1))
    (fp_line (start -11.678953 17.054952) (end -11.240512 17.422741) (layer B.SilkS) (width 0.1))
    (fp_line (start -11.240512 17.422741) (end -10.74944 17.730377) (layer B.SilkS) (width 0.1))
    (fp_line (start -10.74944 17.730377) (end -10.20525 17.97731) (layer B.SilkS) (width 0.1))
    (fp_line (start -10.20525 17.97731) (end -9.607453 18.162976) (layer B.SilkS) (width 0.1))
    (fp_line (start -9.607453 18.162976) (end 9.43046 18.191734) (layer B.SilkS) (width 0.1))
    (fp_line (start 9.43046 18.191734) (end 10.049824 17.957741) (layer B.SilkS) (width 0.1))
    (fp_line (start 10.049824 17.957741) (end 10.638018 17.673258) (layer B.SilkS) (width 0.1))
    (fp_line (start 10.638018 17.673258) (end 11.181445 17.323743) (layer B.SilkS) (width 0.1))
    (fp_line (start 11.181445 17.323743) (end 11.666503 16.894658) (layer B.SilkS) (width 0.1))
    (fp_line (start 11.666503 16.894658) (end 12.079595 16.37146) (layer B.SilkS) (width 0.1))
    (fp_line (start 12.079595 16.37146) (end 12.407122 15.739613) (layer B.SilkS) (width 0.1))
    (fp_line (start 12.407122 15.739613) (end 12.635482 14.984575) (layer B.SilkS) (width 0.1))
    (fp_line (start 12.635482 14.984575) (end 12.751078 14.091807) (layer B.SilkS) (width 0.1))
    (fp_line (start 12.751078 14.091807) (end 12.776026 -8.463285) (layer B.SilkS) (width 0.1))
    (fp_line (start 12.776026 -8.463285) (end 10.83248 -9.424181) (layer B.SilkS) (width 0.1))
    (fp_line (start 10.83248 -9.424181) (end 10.802686 -16.232524) (layer B.SilkS) (width 0.1))
    (fp_line (start -3.17965 -10.051451) (end 3.959931 -10.051451) (layer B.SilkS) (width 0.1))
    (fp_line (start 3.959931 -10.051451) (end 3.959931 -15.865188) (layer B.SilkS) (width 0.1))
    (fp_line (start 3.959931 -15.865188) (end -3.17965 -15.865188) (layer B.SilkS) (width 0.1))
    (fp_line (start -3.17965 -15.865188) (end -3.17965 -10.051451) (layer B.SilkS) (width 0.1))
    (fp_line (start 10.7436 -9.402349) (end 9.191378 -9.402349) (layer B.SilkS) (width 0.1))
    (fp_line (start 9.191378 -9.402349) (end 8.662211 -9.931515) (layer B.SilkS) (width 0.1))
    (fp_line (start 8.662211 -9.931515) (end 7.40985 -9.931515) (layer B.SilkS) (width 0.1))
    (fp_line (start 7.40985 -9.931515) (end 7.40985 -14.993876) (layer B.SilkS) (width 0.1))
    (fp_line (start 7.40985 -14.993876) (end 8.697489 -14.993876) (layer B.SilkS) (width 0.1))
    (fp_line (start 8.697489 -14.993876) (end 9.226656 -15.487765) (layer B.SilkS) (width 0.1))
    (fp_line (start 9.226656 -15.487765) (end 10.796517 -15.487765) (layer B.SilkS) (width 0.1))
    (fp_line (start 10.796517 -15.487765) (end 10.7436 -9.402349) (layer B.SilkS) (width 0.1))
    (fp_line (start 10.778878 -11.483738) (end 11.431517 -11.483738) (layer B.SilkS) (width 0.1))
    (fp_line (start 11.431517 -11.483738) (end 11.431517 -13.476932) (layer B.SilkS) (width 0.1))
    (fp_line (start 11.431517 -13.476932) (end 10.814156 -13.476932) (layer B.SilkS) (width 0.1))
    (pad 8 thru_hole circle (at -11.43 10.16 180) (size 1.8 1.8) (drill 1.016) (layers *.Cu *.Mask B.SilkS)
      (net 5 TX))
    (pad 7 thru_hole circle (at -11.43 7.62 180) (size 1.8 1.8) (drill 1.016) (layers *.Cu *.Mask B.SilkS)
      (net 2 RX))
    (pad 6 thru_hole circle (at -11.43 5.08 180) (size 1.8 1.8) (drill 1.016) (layers *.Cu *.Mask B.SilkS)
      (net 8 TXEN))
    (pad 5 thru_hole circle (at -11.43 2.54 180) (size 1.8 1.8) (drill 1.016) (layers *.Cu *.Mask B.SilkS)
      (net 16 ERR_LED))
    (pad 4 thru_hole circle (at -11.43 0 180) (size 1.8 1.8) (drill 1.016) (layers *.Cu *.Mask B.SilkS)
      (net 6 "Net-(U1-Pad4)"))
    (pad 3 thru_hole circle (at -11.43 -2.54 180) (size 1.8 1.8) (drill 1.016) (layers *.Cu *.Mask B.SilkS)
      (net 15 TX_DG))
    (pad 2 thru_hole circle (at -11.43 -5.08 180) (size 1.8 1.8) (drill 1.016) (layers *.Cu *.Mask B.SilkS)
      (net 9 GND))
    (pad 1 thru_hole circle (at -11.43 -7.62 180) (size 1.8 1.8) (drill 1.016) (layers *.Cu *.Mask B.SilkS)
      (net 4 +5V))
    (pad 16 thru_hole circle (at 11.43 -7.62 180) (size 1.8 1.8) (drill 1.016) (layers *.Cu *.Mask B.SilkS)
      (net 1 +3V3))
    (pad 15 thru_hole circle (at 11.43 -5.08 180) (size 1.8 1.8) (drill 1.016) (layers *.Cu *.Mask B.SilkS)
      (net 18 "Net-(P2-Pad1)"))
    (pad 14 thru_hole circle (at 11.43 -2.54 180) (size 1.8 1.8) (drill 1.016) (layers *.Cu *.Mask B.SilkS)
      (net 19 "Net-(P2-Pad2)"))
    (pad 13 thru_hole circle (at 11.43 0 180) (size 1.8 1.8) (drill 1.016) (layers *.Cu *.Mask B.SilkS)
      (net 20 "Net-(P2-Pad3)"))
    (pad 12 thru_hole circle (at 11.43 2.54 180) (size 1.8 1.8) (drill 1.016) (layers *.Cu *.Mask B.SilkS)
      (net 21 "Net-(P2-Pad4)"))
    (pad 11 thru_hole circle (at 11.43 5.08 180) (size 1.8 1.8) (drill 1.016) (layers *.Cu *.Mask B.SilkS)
      (net 22 "Net-(P2-Pad5)"))
    (pad 10 thru_hole circle (at 11.43 7.62 180) (size 1.8 1.8) (drill 1.016) (layers *.Cu *.Mask B.SilkS)
      (net 24 A0))
    (pad 9 thru_hole circle (at 11.43 10.16 180) (size 1.8 1.8) (drill 1.016) (layers *.Cu *.Mask B.SilkS)
      (net 23 "Net-(P2-Pad7)"))
  )

  (module Package_TO_SOT_SMD:SOT-23 (layer B.Cu) (tedit 5A02FF57) (tstamp 5CC460F5)
    (at 156.083 122.047)
    (descr "SOT-23, Standard")
    (tags SOT-23)
    (path /5C913D96)
    (attr smd)
    (fp_text reference D2 (at 0 2.5) (layer B.SilkS)
      (effects (font (size 1 1) (thickness 0.15)) (justify mirror))
    )
    (fp_text value BAT54S (at 0 5.08) (layer B.Fab)
      (effects (font (size 1 1) (thickness 0.15)) (justify mirror))
    )
    (fp_text user %R (at 0 0 -90) (layer B.Fab)
      (effects (font (size 0.5 0.5) (thickness 0.075)) (justify mirror))
    )
    (fp_line (start -0.7 0.95) (end -0.7 -1.5) (layer B.Fab) (width 0.1))
    (fp_line (start -0.15 1.52) (end 0.7 1.52) (layer B.Fab) (width 0.1))
    (fp_line (start -0.7 0.95) (end -0.15 1.52) (layer B.Fab) (width 0.1))
    (fp_line (start 0.7 1.52) (end 0.7 -1.52) (layer B.Fab) (width 0.1))
    (fp_line (start -0.7 -1.52) (end 0.7 -1.52) (layer B.Fab) (width 0.1))
    (fp_line (start 0.76 -1.58) (end 0.76 -0.65) (layer B.SilkS) (width 0.12))
    (fp_line (start 0.76 1.58) (end 0.76 0.65) (layer B.SilkS) (width 0.12))
    (fp_line (start -1.7 1.75) (end 1.7 1.75) (layer B.CrtYd) (width 0.05))
    (fp_line (start 1.7 1.75) (end 1.7 -1.75) (layer B.CrtYd) (width 0.05))
    (fp_line (start 1.7 -1.75) (end -1.7 -1.75) (layer B.CrtYd) (width 0.05))
    (fp_line (start -1.7 -1.75) (end -1.7 1.75) (layer B.CrtYd) (width 0.05))
    (fp_line (start 0.76 1.58) (end -1.4 1.58) (layer B.SilkS) (width 0.12))
    (fp_line (start 0.76 -1.58) (end -0.7 -1.58) (layer B.SilkS) (width 0.12))
    (pad 1 smd rect (at -1 0.95) (size 0.9 0.8) (layers B.Cu B.Paste B.Mask)
      (net 9 GND))
    (pad 2 smd rect (at -1 -0.95) (size 0.9 0.8) (layers B.Cu B.Paste B.Mask)
      (net 1 +3V3))
    (pad 3 smd rect (at 1 0) (size 0.9 0.8) (layers B.Cu B.Paste B.Mask)
      (net 24 A0))
    (model ${KISYS3DMOD}/Package_TO_SOT_SMD.3dshapes/SOT-23.wrl
      (at (xyz 0 0 0))
      (scale (xyz 1 1 1))
      (rotate (xyz 0 0 0))
    )
  )

  (module Package_DIP:DIP-8_W8.89mm_SMDSocket_LongPads (layer B.Cu) (tedit 5A02E8C5) (tstamp 5C9723B8)
    (at 146.939 125.603)
    (descr "8-lead though-hole mounted DIP package, row spacing 8.89 mm (350 mils), SMDSocket, LongPads")
    (tags "THT DIP DIL PDIP 2.54mm 8.89mm 350mil SMDSocket LongPads")
    (path /5C8CB2A4)
    (attr smd)
    (fp_text reference U3 (at 0 6.14) (layer B.SilkS)
      (effects (font (size 1 1) (thickness 0.15)) (justify mirror))
    )
    (fp_text value LM358 (at 0 -6.14) (layer B.Fab)
      (effects (font (size 1 1) (thickness 0.15)) (justify mirror))
    )
    (fp_arc (start 0 5.14) (end -1 5.14) (angle 180) (layer B.SilkS) (width 0.12))
    (fp_line (start -2.175 5.08) (end 3.175 5.08) (layer B.Fab) (width 0.1))
    (fp_line (start 3.175 5.08) (end 3.175 -5.08) (layer B.Fab) (width 0.1))
    (fp_line (start 3.175 -5.08) (end -3.175 -5.08) (layer B.Fab) (width 0.1))
    (fp_line (start -3.175 -5.08) (end -3.175 4.08) (layer B.Fab) (width 0.1))
    (fp_line (start -3.175 4.08) (end -2.175 5.08) (layer B.Fab) (width 0.1))
    (fp_line (start -5.08 5.14) (end -5.08 -5.14) (layer B.Fab) (width 0.1))
    (fp_line (start -5.08 -5.14) (end 5.08 -5.14) (layer B.Fab) (width 0.1))
    (fp_line (start 5.08 -5.14) (end 5.08 5.14) (layer B.Fab) (width 0.1))
    (fp_line (start 5.08 5.14) (end -5.08 5.14) (layer B.Fab) (width 0.1))
    (fp_line (start -1 5.14) (end -2.535 5.14) (layer B.SilkS) (width 0.12))
    (fp_line (start -2.535 5.14) (end -2.535 -5.14) (layer B.SilkS) (width 0.12))
    (fp_line (start -2.535 -5.14) (end 2.535 -5.14) (layer B.SilkS) (width 0.12))
    (fp_line (start 2.535 -5.14) (end 2.535 5.14) (layer B.SilkS) (width 0.12))
    (fp_line (start 2.535 5.14) (end 1 5.14) (layer B.SilkS) (width 0.12))
    (fp_line (start -6.235 5.2) (end -6.235 -5.2) (layer B.SilkS) (width 0.12))
    (fp_line (start -6.235 -5.2) (end 6.235 -5.2) (layer B.SilkS) (width 0.12))
    (fp_line (start 6.235 -5.2) (end 6.235 5.2) (layer B.SilkS) (width 0.12))
    (fp_line (start 6.235 5.2) (end -6.235 5.2) (layer B.SilkS) (width 0.12))
    (fp_line (start -6.25 5.4) (end -6.25 -5.4) (layer B.CrtYd) (width 0.05))
    (fp_line (start -6.25 -5.4) (end 6.25 -5.4) (layer B.CrtYd) (width 0.05))
    (fp_line (start 6.25 -5.4) (end 6.25 5.4) (layer B.CrtYd) (width 0.05))
    (fp_line (start 6.25 5.4) (end -6.25 5.4) (layer B.CrtYd) (width 0.05))
    (fp_text user %R (at 0 0) (layer B.Fab)
      (effects (font (size 1 1) (thickness 0.15)) (justify mirror))
    )
    (pad 1 smd rect (at -4.445 3.81) (size 3.1 1.6) (layers B.Cu B.Paste B.Mask)
      (net 24 A0))
    (pad 5 smd rect (at 4.445 -3.81) (size 3.1 1.6) (layers B.Cu B.Paste B.Mask)
      (net 25 "Net-(U3-Pad5)"))
    (pad 2 smd rect (at -4.445 1.27) (size 3.1 1.6) (layers B.Cu B.Paste B.Mask)
      (net 26 "Net-(R12-Pad2)"))
    (pad 6 smd rect (at 4.445 -1.27) (size 3.1 1.6) (layers B.Cu B.Paste B.Mask)
      (net 27 "Net-(U3-Pad6)"))
    (pad 3 smd rect (at -4.445 -1.27) (size 3.1 1.6) (layers B.Cu B.Paste B.Mask)
      (net 28 "Net-(R13-Pad2)"))
    (pad 7 smd rect (at 4.445 1.27) (size 3.1 1.6) (layers B.Cu B.Paste B.Mask)
      (net 29 "Net-(U3-Pad7)"))
    (pad 4 smd rect (at -4.445 -3.81) (size 3.1 1.6) (layers B.Cu B.Paste B.Mask)
      (net 9 GND))
    (pad 8 smd rect (at 4.445 3.81) (size 3.1 1.6) (layers B.Cu B.Paste B.Mask)
      (net 4 +5V))
    (model ${KISYS3DMOD}/Package_DIP.3dshapes/DIP-8_W8.89mm_SMDSocket.wrl
      (at (xyz 0 0 0))
      (scale (xyz 1 1 1))
      (rotate (xyz 0 0 0))
    )
  )

  (module Capacitor_SMD:C_0805_2012Metric_Pad1.15x1.40mm_HandSolder (layer B.Cu) (tedit 5B36C52B) (tstamp 5C9729DD)
    (at 136.262 138.303)
    (descr "Capacitor SMD 0805 (2012 Metric), square (rectangular) end terminal, IPC_7351 nominal with elongated pad for handsoldering. (Body size source: https://docs.google.com/spreadsheets/d/1BsfQQcO9C6DZCsRaXUlFlo91Tg2WpOkGARC1WS5S8t0/edit?usp=sharing), generated with kicad-footprint-generator")
    (tags "capacitor handsolder")
    (path /5C89C3C9)
    (attr smd)
    (fp_text reference C5 (at 0 1.65) (layer B.SilkS)
      (effects (font (size 1 1) (thickness 0.15)) (justify mirror))
    )
    (fp_text value 100n (at 0 -1.65) (layer B.Fab)
      (effects (font (size 1 1) (thickness 0.15)) (justify mirror))
    )
    (fp_line (start -1 -0.6) (end -1 0.6) (layer B.Fab) (width 0.1))
    (fp_line (start -1 0.6) (end 1 0.6) (layer B.Fab) (width 0.1))
    (fp_line (start 1 0.6) (end 1 -0.6) (layer B.Fab) (width 0.1))
    (fp_line (start 1 -0.6) (end -1 -0.6) (layer B.Fab) (width 0.1))
    (fp_line (start -0.261252 0.71) (end 0.261252 0.71) (layer B.SilkS) (width 0.12))
    (fp_line (start -0.261252 -0.71) (end 0.261252 -0.71) (layer B.SilkS) (width 0.12))
    (fp_line (start -1.85 -0.95) (end -1.85 0.95) (layer B.CrtYd) (width 0.05))
    (fp_line (start -1.85 0.95) (end 1.85 0.95) (layer B.CrtYd) (width 0.05))
    (fp_line (start 1.85 0.95) (end 1.85 -0.95) (layer B.CrtYd) (width 0.05))
    (fp_line (start 1.85 -0.95) (end -1.85 -0.95) (layer B.CrtYd) (width 0.05))
    (fp_text user %R (at 0 0) (layer B.Fab)
      (effects (font (size 0.5 0.5) (thickness 0.08)) (justify mirror))
    )
    (pad 1 smd roundrect (at -1.025 0) (size 1.15 1.4) (layers B.Cu B.Paste B.Mask) (roundrect_rratio 0.217391)
      (net 4 +5V))
    (pad 2 smd roundrect (at 1.025 0) (size 1.15 1.4) (layers B.Cu B.Paste B.Mask) (roundrect_rratio 0.217391)
      (net 9 GND))
    (model ${KISYS3DMOD}/Capacitor_SMD.3dshapes/C_0805_2012Metric.wrl
      (at (xyz 0 0 0))
      (scale (xyz 1 1 1))
      (rotate (xyz 0 0 0))
    )
  )

  (module Resistor_SMD:R_0805_2012Metric_Pad1.15x1.40mm_HandSolder (layer B.Cu) (tedit 5B36C52B) (tstamp 5C9729EE)
    (at 149.47 133.985)
    (descr "Resistor SMD 0805 (2012 Metric), square (rectangular) end terminal, IPC_7351 nominal with elongated pad for handsoldering. (Body size source: https://docs.google.com/spreadsheets/d/1BsfQQcO9C6DZCsRaXUlFlo91Tg2WpOkGARC1WS5S8t0/edit?usp=sharing), generated with kicad-footprint-generator")
    (tags "resistor handsolder")
    (path /5C916380)
    (attr smd)
    (fp_text reference R12 (at 0 1.65) (layer B.SilkS)
      (effects (font (size 1 1) (thickness 0.15)) (justify mirror))
    )
    (fp_text value 10k (at 0 -1.65) (layer B.Fab)
      (effects (font (size 1 1) (thickness 0.15)) (justify mirror))
    )
    (fp_text user %R (at 0 0) (layer B.Fab)
      (effects (font (size 0.5 0.5) (thickness 0.08)) (justify mirror))
    )
    (fp_line (start 1.85 -0.95) (end -1.85 -0.95) (layer B.CrtYd) (width 0.05))
    (fp_line (start 1.85 0.95) (end 1.85 -0.95) (layer B.CrtYd) (width 0.05))
    (fp_line (start -1.85 0.95) (end 1.85 0.95) (layer B.CrtYd) (width 0.05))
    (fp_line (start -1.85 -0.95) (end -1.85 0.95) (layer B.CrtYd) (width 0.05))
    (fp_line (start -0.261252 -0.71) (end 0.261252 -0.71) (layer B.SilkS) (width 0.12))
    (fp_line (start -0.261252 0.71) (end 0.261252 0.71) (layer B.SilkS) (width 0.12))
    (fp_line (start 1 -0.6) (end -1 -0.6) (layer B.Fab) (width 0.1))
    (fp_line (start 1 0.6) (end 1 -0.6) (layer B.Fab) (width 0.1))
    (fp_line (start -1 0.6) (end 1 0.6) (layer B.Fab) (width 0.1))
    (fp_line (start -1 -0.6) (end -1 0.6) (layer B.Fab) (width 0.1))
    (pad 2 smd roundrect (at 1.025 0) (size 1.15 1.4) (layers B.Cu B.Paste B.Mask) (roundrect_rratio 0.217391)
      (net 26 "Net-(R12-Pad2)"))
    (pad 1 smd roundrect (at -1.025 0) (size 1.15 1.4) (layers B.Cu B.Paste B.Mask) (roundrect_rratio 0.217391)
      (net 24 A0))
    (model ${KISYS3DMOD}/Resistor_SMD.3dshapes/R_0805_2012Metric.wrl
      (at (xyz 0 0 0))
      (scale (xyz 1 1 1))
      (rotate (xyz 0 0 0))
    )
  )

  (module Resistor_SMD:R_0805_2012Metric_Pad1.15x1.40mm_HandSolder (layer B.Cu) (tedit 5B36C52B) (tstamp 5CC46E92)
    (at 154.314 138.049)
    (descr "Resistor SMD 0805 (2012 Metric), square (rectangular) end terminal, IPC_7351 nominal with elongated pad for handsoldering. (Body size source: https://docs.google.com/spreadsheets/d/1BsfQQcO9C6DZCsRaXUlFlo91Tg2WpOkGARC1WS5S8t0/edit?usp=sharing), generated with kicad-footprint-generator")
    (tags "resistor handsolder")
    (path /5C90AA55)
    (attr smd)
    (fp_text reference R13 (at 0 1.65) (layer B.SilkS)
      (effects (font (size 1 1) (thickness 0.15)) (justify mirror))
    )
    (fp_text value 10k (at 0 -1.65) (layer B.Fab)
      (effects (font (size 1 1) (thickness 0.15)) (justify mirror))
    )
    (fp_line (start -1 -0.6) (end -1 0.6) (layer B.Fab) (width 0.1))
    (fp_line (start -1 0.6) (end 1 0.6) (layer B.Fab) (width 0.1))
    (fp_line (start 1 0.6) (end 1 -0.6) (layer B.Fab) (width 0.1))
    (fp_line (start 1 -0.6) (end -1 -0.6) (layer B.Fab) (width 0.1))
    (fp_line (start -0.261252 0.71) (end 0.261252 0.71) (layer B.SilkS) (width 0.12))
    (fp_line (start -0.261252 -0.71) (end 0.261252 -0.71) (layer B.SilkS) (width 0.12))
    (fp_line (start -1.85 -0.95) (end -1.85 0.95) (layer B.CrtYd) (width 0.05))
    (fp_line (start -1.85 0.95) (end 1.85 0.95) (layer B.CrtYd) (width 0.05))
    (fp_line (start 1.85 0.95) (end 1.85 -0.95) (layer B.CrtYd) (width 0.05))
    (fp_line (start 1.85 -0.95) (end -1.85 -0.95) (layer B.CrtYd) (width 0.05))
    (fp_text user %R (at 0 0) (layer B.Fab)
      (effects (font (size 0.5 0.5) (thickness 0.08)) (justify mirror))
    )
    (pad 1 smd roundrect (at -1.025 0) (size 1.15 1.4) (layers B.Cu B.Paste B.Mask) (roundrect_rratio 0.217391)
      (net 9 GND))
    (pad 2 smd roundrect (at 1.025 0) (size 1.15 1.4) (layers B.Cu B.Paste B.Mask) (roundrect_rratio 0.217391)
      (net 28 "Net-(R13-Pad2)"))
    (model ${KISYS3DMOD}/Resistor_SMD.3dshapes/R_0805_2012Metric.wrl
      (at (xyz 0 0 0))
      (scale (xyz 1 1 1))
      (rotate (xyz 0 0 0))
    )
  )

  (module Resistor_SMD:R_0805_2012Metric_Pad1.15x1.40mm_HandSolder (layer B.Cu) (tedit 5B36C52B) (tstamp 5C972A10)
    (at 138.04 125.603)
    (descr "Resistor SMD 0805 (2012 Metric), square (rectangular) end terminal, IPC_7351 nominal with elongated pad for handsoldering. (Body size source: https://docs.google.com/spreadsheets/d/1BsfQQcO9C6DZCsRaXUlFlo91Tg2WpOkGARC1WS5S8t0/edit?usp=sharing), generated with kicad-footprint-generator")
    (tags "resistor handsolder")
    (path /5C8E90A1)
    (attr smd)
    (fp_text reference R14 (at 0 1.65) (layer B.SilkS)
      (effects (font (size 1 1) (thickness 0.15)) (justify mirror))
    )
    (fp_text value 20k (at 0 -1.65) (layer B.Fab)
      (effects (font (size 1 1) (thickness 0.15)) (justify mirror))
    )
    (fp_text user %R (at 0 0) (layer B.Fab)
      (effects (font (size 0.5 0.5) (thickness 0.08)) (justify mirror))
    )
    (fp_line (start 1.85 -0.95) (end -1.85 -0.95) (layer B.CrtYd) (width 0.05))
    (fp_line (start 1.85 0.95) (end 1.85 -0.95) (layer B.CrtYd) (width 0.05))
    (fp_line (start -1.85 0.95) (end 1.85 0.95) (layer B.CrtYd) (width 0.05))
    (fp_line (start -1.85 -0.95) (end -1.85 0.95) (layer B.CrtYd) (width 0.05))
    (fp_line (start -0.261252 -0.71) (end 0.261252 -0.71) (layer B.SilkS) (width 0.12))
    (fp_line (start -0.261252 0.71) (end 0.261252 0.71) (layer B.SilkS) (width 0.12))
    (fp_line (start 1 -0.6) (end -1 -0.6) (layer B.Fab) (width 0.1))
    (fp_line (start 1 0.6) (end 1 -0.6) (layer B.Fab) (width 0.1))
    (fp_line (start -1 0.6) (end 1 0.6) (layer B.Fab) (width 0.1))
    (fp_line (start -1 -0.6) (end -1 0.6) (layer B.Fab) (width 0.1))
    (pad 2 smd roundrect (at 1.025 0) (size 1.15 1.4) (layers B.Cu B.Paste B.Mask) (roundrect_rratio 0.217391)
      (net 26 "Net-(R12-Pad2)"))
    (pad 1 smd roundrect (at -1.025 0) (size 1.15 1.4) (layers B.Cu B.Paste B.Mask) (roundrect_rratio 0.217391)
      (net 9 GND))
    (model ${KISYS3DMOD}/Resistor_SMD.3dshapes/R_0805_2012Metric.wrl
      (at (xyz 0 0 0))
      (scale (xyz 1 1 1))
      (rotate (xyz 0 0 0))
    )
  )

  (module Resistor_SMD:R_0805_2012Metric_Pad1.15x1.40mm_HandSolder (layer B.Cu) (tedit 5B36C52B) (tstamp 5C972A21)
    (at 149.47 142.113)
    (descr "Resistor SMD 0805 (2012 Metric), square (rectangular) end terminal, IPC_7351 nominal with elongated pad for handsoldering. (Body size source: https://docs.google.com/spreadsheets/d/1BsfQQcO9C6DZCsRaXUlFlo91Tg2WpOkGARC1WS5S8t0/edit?usp=sharing), generated with kicad-footprint-generator")
    (tags "resistor handsolder")
    (path /5C8E935E)
    (attr smd)
    (fp_text reference R15 (at 0 1.65) (layer B.SilkS)
      (effects (font (size 1 1) (thickness 0.15)) (justify mirror))
    )
    (fp_text value 20k (at 0 -1.65) (layer B.Fab)
      (effects (font (size 1 1) (thickness 0.15)) (justify mirror))
    )
    (fp_line (start -1 -0.6) (end -1 0.6) (layer B.Fab) (width 0.1))
    (fp_line (start -1 0.6) (end 1 0.6) (layer B.Fab) (width 0.1))
    (fp_line (start 1 0.6) (end 1 -0.6) (layer B.Fab) (width 0.1))
    (fp_line (start 1 -0.6) (end -1 -0.6) (layer B.Fab) (width 0.1))
    (fp_line (start -0.261252 0.71) (end 0.261252 0.71) (layer B.SilkS) (width 0.12))
    (fp_line (start -0.261252 -0.71) (end 0.261252 -0.71) (layer B.SilkS) (width 0.12))
    (fp_line (start -1.85 -0.95) (end -1.85 0.95) (layer B.CrtYd) (width 0.05))
    (fp_line (start -1.85 0.95) (end 1.85 0.95) (layer B.CrtYd) (width 0.05))
    (fp_line (start 1.85 0.95) (end 1.85 -0.95) (layer B.CrtYd) (width 0.05))
    (fp_line (start 1.85 -0.95) (end -1.85 -0.95) (layer B.CrtYd) (width 0.05))
    (fp_text user %R (at 0 0) (layer B.Fab)
      (effects (font (size 0.5 0.5) (thickness 0.08)) (justify mirror))
    )
    (pad 1 smd roundrect (at -1.025 0) (size 1.15 1.4) (layers B.Cu B.Paste B.Mask) (roundrect_rratio 0.217391)
      (net 30 "Net-(J3-Pad3)"))
    (pad 2 smd roundrect (at 1.025 0) (size 1.15 1.4) (layers B.Cu B.Paste B.Mask) (roundrect_rratio 0.217391)
      (net 28 "Net-(R13-Pad2)"))
    (model ${KISYS3DMOD}/Resistor_SMD.3dshapes/R_0805_2012Metric.wrl
      (at (xyz 0 0 0))
      (scale (xyz 1 1 1))
      (rotate (xyz 0 0 0))
    )
  )

  (module Resistor_SMD:R_0805_2012Metric_Pad1.15x1.40mm_HandSolder (layer B.Cu) (tedit 5B36C52B) (tstamp 5C972A32)
    (at 159.420521 133.211447)
    (descr "Resistor SMD 0805 (2012 Metric), square (rectangular) end terminal, IPC_7351 nominal with elongated pad for handsoldering. (Body size source: https://docs.google.com/spreadsheets/d/1BsfQQcO9C6DZCsRaXUlFlo91Tg2WpOkGARC1WS5S8t0/edit?usp=sharing), generated with kicad-footprint-generator")
    (tags "resistor handsolder")
    (path /5C8AEF0B)
    (attr smd)
    (fp_text reference R16 (at 0 1.65) (layer B.SilkS)
      (effects (font (size 1 1) (thickness 0.15)) (justify mirror))
    )
    (fp_text value 680 (at 0 -1.65) (layer B.Fab)
      (effects (font (size 1 1) (thickness 0.15)) (justify mirror))
    )
    (fp_line (start -1 -0.6) (end -1 0.6) (layer B.Fab) (width 0.1))
    (fp_line (start -1 0.6) (end 1 0.6) (layer B.Fab) (width 0.1))
    (fp_line (start 1 0.6) (end 1 -0.6) (layer B.Fab) (width 0.1))
    (fp_line (start 1 -0.6) (end -1 -0.6) (layer B.Fab) (width 0.1))
    (fp_line (start -0.261252 0.71) (end 0.261252 0.71) (layer B.SilkS) (width 0.12))
    (fp_line (start -0.261252 -0.71) (end 0.261252 -0.71) (layer B.SilkS) (width 0.12))
    (fp_line (start -1.85 -0.95) (end -1.85 0.95) (layer B.CrtYd) (width 0.05))
    (fp_line (start -1.85 0.95) (end 1.85 0.95) (layer B.CrtYd) (width 0.05))
    (fp_line (start 1.85 0.95) (end 1.85 -0.95) (layer B.CrtYd) (width 0.05))
    (fp_line (start 1.85 -0.95) (end -1.85 -0.95) (layer B.CrtYd) (width 0.05))
    (fp_text user %R (at 0 0) (layer B.Fab)
      (effects (font (size 0.5 0.5) (thickness 0.08)) (justify mirror))
    )
    (pad 1 smd roundrect (at -1.025 0) (size 1.15 1.4) (layers B.Cu B.Paste B.Mask) (roundrect_rratio 0.217391)
      (net 30 "Net-(J3-Pad3)"))
    (pad 2 smd roundrect (at 1.025 0) (size 1.15 1.4) (layers B.Cu B.Paste B.Mask) (roundrect_rratio 0.217391)
      (net 9 GND))
    (model ${KISYS3DMOD}/Resistor_SMD.3dshapes/R_0805_2012Metric.wrl
      (at (xyz 0 0 0))
      (scale (xyz 1 1 1))
      (rotate (xyz 0 0 0))
    )
  )

  (module Resistor_SMD:R_0805_2012Metric_Pad1.15x1.40mm_HandSolder (layer B.Cu) (tedit 5B36C52B) (tstamp 5C972A43)
    (at 159.420521 127.066446)
    (descr "Resistor SMD 0805 (2012 Metric), square (rectangular) end terminal, IPC_7351 nominal with elongated pad for handsoldering. (Body size source: https://docs.google.com/spreadsheets/d/1BsfQQcO9C6DZCsRaXUlFlo91Tg2WpOkGARC1WS5S8t0/edit?usp=sharing), generated with kicad-footprint-generator")
    (tags "resistor handsolder")
    (path /5C8AEDDC)
    (attr smd)
    (fp_text reference R17 (at 0 1.65) (layer B.SilkS)
      (effects (font (size 1 1) (thickness 0.15)) (justify mirror))
    )
    (fp_text value 680 (at 0 -1.65) (layer B.Fab)
      (effects (font (size 1 1) (thickness 0.15)) (justify mirror))
    )
    (fp_text user %R (at 0 0) (layer B.Fab)
      (effects (font (size 0.5 0.5) (thickness 0.08)) (justify mirror))
    )
    (fp_line (start 1.85 -0.95) (end -1.85 -0.95) (layer B.CrtYd) (width 0.05))
    (fp_line (start 1.85 0.95) (end 1.85 -0.95) (layer B.CrtYd) (width 0.05))
    (fp_line (start -1.85 0.95) (end 1.85 0.95) (layer B.CrtYd) (width 0.05))
    (fp_line (start -1.85 -0.95) (end -1.85 0.95) (layer B.CrtYd) (width 0.05))
    (fp_line (start -0.261252 -0.71) (end 0.261252 -0.71) (layer B.SilkS) (width 0.12))
    (fp_line (start -0.261252 0.71) (end 0.261252 0.71) (layer B.SilkS) (width 0.12))
    (fp_line (start 1 -0.6) (end -1 -0.6) (layer B.Fab) (width 0.1))
    (fp_line (start 1 0.6) (end 1 -0.6) (layer B.Fab) (width 0.1))
    (fp_line (start -1 0.6) (end 1 0.6) (layer B.Fab) (width 0.1))
    (fp_line (start -1 -0.6) (end -1 0.6) (layer B.Fab) (width 0.1))
    (pad 2 smd roundrect (at 1.025 0) (size 1.15 1.4) (layers B.Cu B.Paste B.Mask) (roundrect_rratio 0.217391)
      (net 9 GND))
    (pad 1 smd roundrect (at -1.025 0) (size 1.15 1.4) (layers B.Cu B.Paste B.Mask) (roundrect_rratio 0.217391)
      (net 30 "Net-(J3-Pad3)"))
    (model ${KISYS3DMOD}/Resistor_SMD.3dshapes/R_0805_2012Metric.wrl
      (at (xyz 0 0 0))
      (scale (xyz 1 1 1))
      (rotate (xyz 0 0 0))
    )
  )

  (module Connector_BarrelJack:BarrelJack_Horizontal (layer F.Cu) (tedit 5A1DBF6A) (tstamp 5CC45F44)
    (at 172.085 129.921 90)
    (descr "DC Barrel Jack")
    (tags "Power Jack")
    (path /5C91AB27)
    (fp_text reference J4 (at -8.45 5.75 90) (layer F.SilkS)
      (effects (font (size 1 1) (thickness 0.15)))
    )
    (fp_text value Barrel_Jack_Switch (at -6.2 -5.5 90) (layer F.Fab)
      (effects (font (size 1 1) (thickness 0.15)))
    )
    (fp_text user %R (at -3 -2.95 90) (layer F.Fab)
      (effects (font (size 1 1) (thickness 0.15)))
    )
    (fp_line (start -0.003213 -4.505425) (end 0.8 -3.75) (layer F.Fab) (width 0.1))
    (fp_line (start 1.1 -3.75) (end 1.1 -4.8) (layer F.SilkS) (width 0.12))
    (fp_line (start 0.05 -4.8) (end 1.1 -4.8) (layer F.SilkS) (width 0.12))
    (fp_line (start 1 -4.5) (end 1 -4.75) (layer F.CrtYd) (width 0.05))
    (fp_line (start 1 -4.75) (end -14 -4.75) (layer F.CrtYd) (width 0.05))
    (fp_line (start 1 -4.5) (end 1 -2) (layer F.CrtYd) (width 0.05))
    (fp_line (start 1 -2) (end 2 -2) (layer F.CrtYd) (width 0.05))
    (fp_line (start 2 -2) (end 2 2) (layer F.CrtYd) (width 0.05))
    (fp_line (start 2 2) (end 1 2) (layer F.CrtYd) (width 0.05))
    (fp_line (start 1 2) (end 1 4.75) (layer F.CrtYd) (width 0.05))
    (fp_line (start 1 4.75) (end -1 4.75) (layer F.CrtYd) (width 0.05))
    (fp_line (start -1 4.75) (end -1 6.75) (layer F.CrtYd) (width 0.05))
    (fp_line (start -1 6.75) (end -5 6.75) (layer F.CrtYd) (width 0.05))
    (fp_line (start -5 6.75) (end -5 4.75) (layer F.CrtYd) (width 0.05))
    (fp_line (start -5 4.75) (end -14 4.75) (layer F.CrtYd) (width 0.05))
    (fp_line (start -14 4.75) (end -14 -4.75) (layer F.CrtYd) (width 0.05))
    (fp_line (start -5 4.6) (end -13.8 4.6) (layer F.SilkS) (width 0.12))
    (fp_line (start -13.8 4.6) (end -13.8 -4.6) (layer F.SilkS) (width 0.12))
    (fp_line (start 0.9 1.9) (end 0.9 4.6) (layer F.SilkS) (width 0.12))
    (fp_line (start 0.9 4.6) (end -1 4.6) (layer F.SilkS) (width 0.12))
    (fp_line (start -13.8 -4.6) (end 0.9 -4.6) (layer F.SilkS) (width 0.12))
    (fp_line (start 0.9 -4.6) (end 0.9 -2) (layer F.SilkS) (width 0.12))
    (fp_line (start -10.2 -4.5) (end -10.2 4.5) (layer F.Fab) (width 0.1))
    (fp_line (start -13.7 -4.5) (end -13.7 4.5) (layer F.Fab) (width 0.1))
    (fp_line (start -13.7 4.5) (end 0.8 4.5) (layer F.Fab) (width 0.1))
    (fp_line (start 0.8 4.5) (end 0.8 -3.75) (layer F.Fab) (width 0.1))
    (fp_line (start 0 -4.5) (end -13.7 -4.5) (layer F.Fab) (width 0.1))
    (pad 1 thru_hole rect (at 0 0 90) (size 3.5 3.5) (drill oval 1 3) (layers *.Cu *.Mask)
      (net 32 "Net-(D3-Pad2)"))
    (pad 2 thru_hole roundrect (at -6 0 90) (size 3 3.5) (drill oval 1 3) (layers *.Cu *.Mask) (roundrect_rratio 0.25)
      (net 9 GND))
    (pad 3 thru_hole roundrect (at -3 4.7 90) (size 3.5 3.5) (drill oval 3 1) (layers *.Cu *.Mask) (roundrect_rratio 0.25)
      (net 9 GND))
    (model ${KISYS3DMOD}/Connector_BarrelJack.3dshapes/BarrelJack_Horizontal.wrl
      (at (xyz 0 0 0))
      (scale (xyz 1 1 1))
      (rotate (xyz 0 0 0))
    )
  )

  (module Capacitor_SMD:C_0805_2012Metric_Pad1.15x1.40mm_HandSolder (layer B.Cu) (tedit 5B36C52B) (tstamp 5C99336D)
    (at 165.735 109.855 90)
    (descr "Capacitor SMD 0805 (2012 Metric), square (rectangular) end terminal, IPC_7351 nominal with elongated pad for handsoldering. (Body size source: https://docs.google.com/spreadsheets/d/1BsfQQcO9C6DZCsRaXUlFlo91Tg2WpOkGARC1WS5S8t0/edit?usp=sharing), generated with kicad-footprint-generator")
    (tags "capacitor handsolder")
    (path /5BBCDB49)
    (attr smd)
    (fp_text reference C1 (at 0 1.65 90) (layer B.SilkS)
      (effects (font (size 1 1) (thickness 0.15)) (justify mirror))
    )
    (fp_text value 2.2u (at 0 -1.65 90) (layer B.Fab)
      (effects (font (size 1 1) (thickness 0.15)) (justify mirror))
    )
    (fp_line (start -1 -0.6) (end -1 0.6) (layer B.Fab) (width 0.1))
    (fp_line (start -1 0.6) (end 1 0.6) (layer B.Fab) (width 0.1))
    (fp_line (start 1 0.6) (end 1 -0.6) (layer B.Fab) (width 0.1))
    (fp_line (start 1 -0.6) (end -1 -0.6) (layer B.Fab) (width 0.1))
    (fp_line (start -0.261252 0.71) (end 0.261252 0.71) (layer B.SilkS) (width 0.12))
    (fp_line (start -0.261252 -0.71) (end 0.261252 -0.71) (layer B.SilkS) (width 0.12))
    (fp_line (start -1.85 -0.95) (end -1.85 0.95) (layer B.CrtYd) (width 0.05))
    (fp_line (start -1.85 0.95) (end 1.85 0.95) (layer B.CrtYd) (width 0.05))
    (fp_line (start 1.85 0.95) (end 1.85 -0.95) (layer B.CrtYd) (width 0.05))
    (fp_line (start 1.85 -0.95) (end -1.85 -0.95) (layer B.CrtYd) (width 0.05))
    (fp_text user %R (at 0 0 90) (layer B.Fab)
      (effects (font (size 0.5 0.5) (thickness 0.08)) (justify mirror))
    )
    (pad 1 smd roundrect (at -1.025 0 90) (size 1.15 1.4) (layers B.Cu B.Paste B.Mask) (roundrect_rratio 0.217391)
      (net 31 +9V))
    (pad 2 smd roundrect (at 1.025 0 90) (size 1.15 1.4) (layers B.Cu B.Paste B.Mask) (roundrect_rratio 0.217391)
      (net 9 GND))
    (model ${KISYS3DMOD}/Capacitor_SMD.3dshapes/C_0805_2012Metric.wrl
      (at (xyz 0 0 0))
      (scale (xyz 1 1 1))
      (rotate (xyz 0 0 0))
    )
  )

  (module Capacitor_SMD:C_0805_2012Metric_Pad1.15x1.40mm_HandSolder (layer B.Cu) (tedit 5B36C52B) (tstamp 5C99337D)
    (at 139.319 109.347 90)
    (descr "Capacitor SMD 0805 (2012 Metric), square (rectangular) end terminal, IPC_7351 nominal with elongated pad for handsoldering. (Body size source: https://docs.google.com/spreadsheets/d/1BsfQQcO9C6DZCsRaXUlFlo91Tg2WpOkGARC1WS5S8t0/edit?usp=sharing), generated with kicad-footprint-generator")
    (tags "capacitor handsolder")
    (path /5BBCE70C)
    (attr smd)
    (fp_text reference C2 (at 0 1.65 90) (layer B.SilkS)
      (effects (font (size 1 1) (thickness 0.15)) (justify mirror))
    )
    (fp_text value 100n (at 0 -1.65 90) (layer B.Fab)
      (effects (font (size 1 1) (thickness 0.15)) (justify mirror))
    )
    (fp_text user %R (at 0 0 90) (layer B.Fab)
      (effects (font (size 0.5 0.5) (thickness 0.08)) (justify mirror))
    )
    (fp_line (start 1.85 -0.95) (end -1.85 -0.95) (layer B.CrtYd) (width 0.05))
    (fp_line (start 1.85 0.95) (end 1.85 -0.95) (layer B.CrtYd) (width 0.05))
    (fp_line (start -1.85 0.95) (end 1.85 0.95) (layer B.CrtYd) (width 0.05))
    (fp_line (start -1.85 -0.95) (end -1.85 0.95) (layer B.CrtYd) (width 0.05))
    (fp_line (start -0.261252 -0.71) (end 0.261252 -0.71) (layer B.SilkS) (width 0.12))
    (fp_line (start -0.261252 0.71) (end 0.261252 0.71) (layer B.SilkS) (width 0.12))
    (fp_line (start 1 -0.6) (end -1 -0.6) (layer B.Fab) (width 0.1))
    (fp_line (start 1 0.6) (end 1 -0.6) (layer B.Fab) (width 0.1))
    (fp_line (start -1 0.6) (end 1 0.6) (layer B.Fab) (width 0.1))
    (fp_line (start -1 -0.6) (end -1 0.6) (layer B.Fab) (width 0.1))
    (pad 2 smd roundrect (at 1.025 0 90) (size 1.15 1.4) (layers B.Cu B.Paste B.Mask) (roundrect_rratio 0.217391)
      (net 9 GND))
    (pad 1 smd roundrect (at -1.025 0 90) (size 1.15 1.4) (layers B.Cu B.Paste B.Mask) (roundrect_rratio 0.217391)
      (net 1 +3V3))
    (model ${KISYS3DMOD}/Capacitor_SMD.3dshapes/C_0805_2012Metric.wrl
      (at (xyz 0 0 0))
      (scale (xyz 1 1 1))
      (rotate (xyz 0 0 0))
    )
  )

  (module Capacitor_SMD:C_1206_3216Metric_Pad1.42x1.75mm_HandSolder (layer B.Cu) (tedit 5B301BBE) (tstamp 5C99338D)
    (at 176.53 105.41 180)
    (descr "Capacitor SMD 1206 (3216 Metric), square (rectangular) end terminal, IPC_7351 nominal with elongated pad for handsoldering. (Body size source: http://www.tortai-tech.com/upload/download/2011102023233369053.pdf), generated with kicad-footprint-generator")
    (tags "capacitor handsolder")
    (path /5BBD17B0)
    (attr smd)
    (fp_text reference C3 (at 0 1.82 180) (layer B.SilkS)
      (effects (font (size 1 1) (thickness 0.15)) (justify mirror))
    )
    (fp_text value 100n (at 0 -1.82 180) (layer B.Fab)
      (effects (font (size 1 1) (thickness 0.15)) (justify mirror))
    )
    (fp_line (start -1.6 -0.8) (end -1.6 0.8) (layer B.Fab) (width 0.1))
    (fp_line (start -1.6 0.8) (end 1.6 0.8) (layer B.Fab) (width 0.1))
    (fp_line (start 1.6 0.8) (end 1.6 -0.8) (layer B.Fab) (width 0.1))
    (fp_line (start 1.6 -0.8) (end -1.6 -0.8) (layer B.Fab) (width 0.1))
    (fp_line (start -0.602064 0.91) (end 0.602064 0.91) (layer B.SilkS) (width 0.12))
    (fp_line (start -0.602064 -0.91) (end 0.602064 -0.91) (layer B.SilkS) (width 0.12))
    (fp_line (start -2.45 -1.12) (end -2.45 1.12) (layer B.CrtYd) (width 0.05))
    (fp_line (start -2.45 1.12) (end 2.45 1.12) (layer B.CrtYd) (width 0.05))
    (fp_line (start 2.45 1.12) (end 2.45 -1.12) (layer B.CrtYd) (width 0.05))
